3
0.000000
1.000000
0.000000
1.000000
0.000000
1.000000
5
-1.529851
0.300349,-0.321359,1.244166
1.556501
0.392710,0.472805,0.980675
0.563226
0.894644,-0.904516,-0.862960
1.336808
-0.304702,-0.718388,0.290527
0.163729
2.081781,-0.562489,0.730646
10
0.351762
0.985429,-1.373329,-0.899020,1.011188,-0.501975
0.590069
1.339779,0.102713,0.905164,0.779234,1.223582
-0.597307
-1.497990,-0.936076,-1.463512,-0.680967,-1.499969
-1.494249
-2.096933,1.614618,-0.974087,-0.703986,-0.993225
0.651497
0.470101,0.274706,0.506213,0.031905,-0.539692
-1.222799
0.226316,1.280735,-0.821265,1.317193,1.527754
0.999989
-0.359951,0.765243,-1.331783,-0.635803,1.609946
-1.288742
0.704255,0.061817,-0.034411,0.342651,-1.256650
0.366922
-1.053237,-1.132493,0.201379,0.652375,0.483632
-0.497792
-0.596450,2.448871,-0.073492,0.928464,1.073002
10
0.233092
-0.197473,-1.927839,-0.863761,-0.437609,1.686951,1.118895,-1.072745,1.587089,-0.887794,-0.804455
-0.268324
-1.260305,-0.868259,0.565433,-0.609453,-0.293988,1.841231,-1.236530,-0.734128,-1.030412,-0.506283
-1.867641
0.770782,0.362757,1.325434,-0.326809,0.232624,0.562923,2.742146,-0.508185,-0.023422,1.184074
-2.104834
0.550812,-0.673704,-0.184048,0.505232,-0.526103,-1.054027,-0.362969,0.491258,0.228650,0.379102
-1.460852
1.634490,-1.454326,0.295747,-1.392265,-0.647707,0.701949,-1.573119,1.197736,-1.227179,0.289330
1.025482
-2.041433,-0.369332,-0.779908,0.817053,0.677823,-0.646539,0.410625,-0.069936,-0.132623,-0.238836
0.632138
-0.303026,1.487256,-0.547792,0.226844,0.948944,-1.722228,0.665461,-1.281247,0.557651,1.368871
0.710915
-1.542441,-0.543042,0.862255,1.064992,-0.265814,0.830583,1.078238,-1.028944,0.462575,0.323166
-1.071978
-0.424988,-0.652681,-0.572918,-1.204124,-0.302159,-1.464625,1.080402,0.800786,0.812524,0.977265
-0.518988
1.210443,1.532604,-2.486537,1.373912,0.605283,0.179850,0.451652,0.595081,-1.078644,0.915024
3
0.374021
0.263566,-1.455524,-1.957679,-0.057530,0.422820,0.851975,-1.771342,-1.242553,0.282574,1.033186
-1.169383
-0.595787,0.149219,-0.004581,0.625814,0.579487,-1.653752,-0.942178,-0.569297,1.477133,0.327827
-1.381042
-0.702973,0.171214,-0.339440,-0.051827,-0.695164,-0.284467,-1.138431,-0.376188,-0.567433,0.809710

